11036 51133 89900 90000
11037 51134 83525 83625
11038 51135 93450 93650
11039 51136 75000 75300
11040 51137 102400 102900
11041 51138 123456 124056
11042 51139 80000 80300
11043 51140 94500 94700
11044 51141 75000 75200
11045 51142 96000 96200
11046 51143 103500 104000
11047 51144 123456 124056
11048 51145 80000 80200
11049 51146 94500 94600
11050 51147 75000 75200
11051 51148 96000 96100
11052 51149 103500 104000
11053 51150 10345 10450
11054 51151 103500 104000
99999 99999 99999 99999